3.992445707321166992e+00
4.460693359375000000e+00
6.858592033386230469e-01
2.221549272537231445e+00
5.730866193771362305e-01
2.287203967571258545e-01
3.914136886596679688e-01
5.913085937500000000e-01
1.861278563737869263e-01
1.557542681694030762e-01
2.536753714084625244e-01
3.404991626739501953e-01
3.640922307968139648e-01
1.186826527118682861e-01
1.929273009300231934e-01
3.604255616664886475e-01
1.818245053291320801e-01
2.607494592666625977e-01
1.516325622797012329e-01
3.272640705108642578e-01
1.854875534772872925e-01
4.897715747356414795e-01
2.945714890956878662e-01
2.585224211215972900e-01
9.496307373046875000e-01
2.839461266994476318e-01
3.040618598461151123e-01
2.857492566108703613e-01
1.757988035678863525e-01
6.020542234182357788e-02
1.507823467254638672e-01
4.089693427085876465e-01
2.811613380908966064e-01
8.099215626716613770e-01
1.893525123596191406e-01
9.149469733238220215e-01
2.163037359714508057e-01
2.094336450099945068e-01
1.737825423479080200e-01
3.562090992927551270e-01
1.366933584213256836e-01
8.234579116106033325e-02
6.281145662069320679e-02
2.388316094875335693e-01
1.772076487541198730e-01
1.546917706727981567e-01
2.588774561882019043e-01
3.322650790214538574e-01
1.433490812778472900e-01
1.765678077936172485e-01
7.685682922601699829e-02
1.296115517616271973e-01
3.534933328628540039e-01
1.148459315299987793e-01
1.150401309132575989e-01
1.665254980325698853e-01
4.564513862133026123e-01
1.230663284659385681e-01
1.260062754154205322e-01
9.600824117660522461e-02
1.254145145416259766e+00
1.997409760951995850e-01
1.040946096181869507e-01
1.923717707395553589e-01
1.945580244064331055e-01
3.739224672317504883e-01
2.263718992471694946e-01
1.349613815546035767e-01
1.665929555892944336e-01
2.388467043638229370e-01
1.054333671927452087e-01
1.142857789993286133e+00
3.023647964000701904e-01
3.845475912094116211e-01
2.544166147708892822e-01
2.844369411468505859e-01
1.148124113678932190e-01
1.088154390454292297e-01
4.286674261093139648e-01
1.301919221878051758e-01
8.919946849346160889e-02
4.864225387573242188e-01
3.156217932701110840e-01
2.096066474914550781e-01
1.481230109930038452e-01
1.291658282279968262e-01
2.274909764528274536e-01
1.901418268680572510e-01
1.011050641536712646e-01
8.418843150138854980e-01
1.943095773458480835e-01
1.650864481925964355e-01
1.990274488925933838e-01
1.211333572864532471e-01
1.145875006914138794e-01
1.298560500144958496e-01
1.243278905749320984e-01
2.331011146306991577e-01
1.089221388101577759e-01
3.850732147693634033e-01
1.944863498210906982e-01
3.094276785850524902e-01
1.074286177754402161e-01
5.032110810279846191e-01
1.284353286027908325e-01
9.406203031539916992e-02
2.059690058231353760e-01
1.067739650607109070e-01
9.814954549074172974e-02
1.518165916204452515e-01
1.375021040439605713e-01
1.157991439104080200e-01
1.251239329576492310e-01
2.408905625343322754e-01
3.489947617053985596e-01
9.474527090787887573e-02
8.086995035409927368e-02
9.172290563583374023e-01
3.135475814342498779e-01
2.209086567163467407e-01
3.502784073352813721e-01
1.769334375858306885e-01
1.399535983800888062e-01
2.228262722492218018e-01
2.944967448711395264e-01
9.641166776418685913e-02
1.273422092199325562e-01
5.470076203346252441e-02
6.597847938537597656e-01
1.782992184162139893e-01
2.151778340339660645e-01
6.472184658050537109e-01
1.886331588029861450e-01
1.168578341603279114e-01
3.384523093700408936e-01
2.909034788608551025e-01
1.153749674558639526e-01
3.233691453933715820e-01
2.067438066005706787e-01
6.253974437713623047e-01
3.597389161586761475e-01
1.969416588544845581e-01
1.155738234519958496e-01
5.759724974632263184e-01
6.771770119667053223e-02
1.379443109035491943e-01
2.983033955097198486e-01
1.219166815280914307e-01
3.572977483272552490e-01
9.106214344501495361e-02
1.974947154521942139e-01
4.025388360023498535e-01
3.738298714160919189e-01
2.422008514404296875e-01
2.035121470689773560e-01
1.326940655708312988e-01
8.038725852966308594e-01
4.226967692375183105e-01
8.667256683111190796e-02
2.009607702493667603e-01
3.331837356090545654e-01
1.404622048139572144e-01
1.077522188425064087e-01
3.290013372898101807e-01
2.530399262905120850e-01
2.151259928941726685e-01
2.991923391819000244e-01
2.518608868122100830e-01
1.042492464184761047e-01
7.827776074409484863e-01
1.467374265193939209e-01
7.442350983619689941e-01
3.311616182327270508e-01
1.277277618646621704e-01
1.251577436923980713e-01
1.449099183082580566e-01
4.341145455837249756e-01
1.108127385377883911e-01
1.583966761827468872e-01
1.274351626634597778e-01
2.089122831821441650e-01
1.126491948962211609e-01
1.652835309505462646e-01
2.057774364948272705e-01
1.239674687385559082e-01
1.570174098014831543e-01
1.839736104011535645e-01
7.772960513830184937e-02
1.398743838071823120e-01
4.459073022007942200e-02
7.533244043588638306e-02
2.568161785602569580e-01
1.301702111959457397e-01
1.642140597105026245e-01
2.359035909175872803e-01
4.817722439765930176e-01
2.338077872991561890e-01
6.933712214231491089e-02
3.250138759613037109e-01
1.095668226480484009e-01
7.735294103622436523e-02
9.656070917844772339e-02
2.757550477981567383e-01
1.022971346974372864e-01
5.383148789405822754e-01
2.348551154136657715e-01
1.237789839506149292e-01
2.734511196613311768e-01
2.004417777061462402e-01
9.010028839111328125e-02
9.920354187488555908e-02
6.717538088560104370e-02
2.959388494491577148e-01
1.172025874257087708e-01
9.048409759998321533e-02
9.853517264127731323e-02
1.819757819175720215e-01
1.275803893804550171e-01
1.227779313921928406e-01
2.376203685998916626e-01
9.556055068969726562e-02
2.519797086715698242e-01
2.097944319248199463e-01
1.253937780857086182e-01
8.095441758632659912e-02
3.130195438861846924e-01
3.507361114025115967e-01
4.396176040172576904e-01
1.495077759027481079e-01
2.466727495193481445e-01
7.936690747737884521e-02
2.608851492404937744e-01
1.465502977371215820e-01
9.370970726013183594e-02
5.931578576564788818e-02
8.441466093063354492e-02
3.457584679126739502e-01
3.722460567951202393e-01
1.541819721460342407e-01
9.654617309570312500e-02
9.758538603782653809e-01
3.148418068885803223e-01
1.751493960618972778e-01
2.511017620563507080e-01
3.500835895538330078e-01
1.021017789840698242e+00
3.484263718128204346e-01
1.573304086923599243e-01
2.407452464103698730e-01
4.023672938346862793e-01
1.116752251982688904e-01
8.916190266609191895e-02
4.051427841186523438e-01
2.002229541540145874e-01
7.228640466928482056e-02
8.142174035310745239e-02
8.447995036840438843e-02
2.306261211633682251e-01
1.315043717622756958e-01
4.777597486972808838e-01
6.586775183677673340e-02
9.296812117099761963e-02
6.992048770189285278e-02
3.231565058231353760e-01
7.238095253705978394e-02
1.669622361660003662e-01
7.894182950258255005e-02
1.718316227197647095e-01
1.757392883300781250e-01
3.183298110961914062e-01
2.016614675521850586e-01
7.505151629447937012e-02
5.623088777065277100e-02
1.385519057512283325e-01
1.153580844402313232e-01
1.224277690052986145e-01
1.297588348388671875e-01
7.438283413648605347e-02
1.700049042701721191e-01
7.227003574371337891e-02
3.121539950370788574e-01
3.373195528984069824e-01
7.271117717027664185e-02
6.624776870012283325e-02
1.351155042648315430e-01
1.296676844358444214e-01
9.973775595426559448e-02
7.394547760486602783e-02
1.144814491271972656e-01
1.589424908161163330e-01
9.347476810216903687e-02
4.127840697765350342e-01
1.590601950883865356e-01
1.743952184915542603e-01
2.340479493141174316e-01
2.023496180772781372e-01
3.137066364288330078e-01
2.573480010032653809e-01
8.395122736692428589e-02
1.897285282611846924e-01
4.228769540786743164e-01
1.091090589761734009e-01
1.168125048279762268e-01
8.007478713989257812e-02
1.491810828447341919e-01
1.293369829654693604e-01
2.687735557556152344e-01
1.038048714399337769e-01
8.036942780017852783e-02
8.063698559999465942e-02
5.091161280870437622e-02
1.494001448154449463e-01
5.610047280788421631e-02
1.313707232475280762e-01
3.990922123193740845e-02
2.020310759544372559e-01
5.921466946601867676e-01
2.651943266391754150e-01
7.929345220327377319e-02
3.318515121936798096e-01
2.546288371086120605e-01
1.618649512529373169e-01
7.438824325799942017e-02
2.269485890865325928e-01
3.624612092971801758e-01
1.771672219038009644e-01
1.491118073463439941e-01
1.227704435586929321e-01
2.630081176757812500e-01
1.192994490265846252e-01
2.878463864326477051e-01
1.326614171266555786e-01
3.864549398422241211e-01
2.940763533115386963e-01
1.170176416635513306e-01
6.713712960481643677e-02
1.095745116472244263e-01
1.305324137210845947e-01
6.843003630638122559e-02
1.246640607714653015e-01
1.689735352993011475e-01
1.030428856611251831e-01
1.509388685226440430e-01
9.629768133163452148e-02
4.898911342024803162e-02
1.571740657091140747e-01
1.298849433660507202e-01
1.925774514675140381e-01
3.487627580761909485e-02
1.565634608268737793e-01
1.578274518251419067e-01
1.883614659309387207e-01
1.404194831848144531e-01
9.302596747875213623e-02
8.139232546091079712e-02
1.958923935890197754e-01
1.268503814935684204e-01
5.299094319343566895e-02
5.191526561975479126e-02
4.776006340980529785e-01
1.193700432777404785e-01
9.575427174568176270e-01
3.370824158191680908e-01
1.791410446166992188e-01
1.596531718969345093e-01
7.611223310232162476e-02
7.881114631891250610e-02
6.980200111865997314e-02
6.220820546150207520e-02
7.744052261114120483e-02
3.475638628005981445e-01
5.874830484390258789e-01
4.975954070687294006e-02
6.563387513160705566e-01
1.008234769105911255e-01
1.114141270518302917e-01
6.974357366561889648e-02
1.770467013120651245e-01
6.101998314261436462e-02
1.667111515998840332e-01
1.320580691099166870e-01
9.781387448310852051e-02
1.316047608852386475e-01
6.900423765182495117e-02
2.544670999050140381e-01
7.090872526168823242e-02
3.406704962253570557e-02
2.472724467515945435e-01
3.051999583840370178e-02
2.597525715827941895e-01
4.792608022689819336e-01
1.652343571186065674e-01
1.622132062911987305e-01
1.165677532553672791e-01
1.589213609695434570e-01
3.873786330223083496e-02
1.367493271827697754e-01
6.662920117378234863e-02
7.150048017501831055e-02
2.048533856868743896e-01
2.661623358726501465e-01
1.135287508368492126e-01
5.089585483074188232e-02
5.177883803844451904e-02
4.832153394818305969e-02
9.148801863193511963e-02
4.559314250946044922e-02
7.375621050596237183e-02
1.452316045761108398e-01
6.021097302436828613e-02
1.045118346810340881e-01
2.041172385215759277e-01
1.147958114743232727e-01
1.126452162861824036e-01
2.975742891430854797e-02
8.210822939872741699e-02
5.229923129081726074e-02
1.842026561498641968e-01
6.757159531116485596e-02
5.777328833937644958e-02
1.136464029550552368e-01
3.074095845222473145e-01
5.880105867981910706e-02
8.183442801237106323e-02
2.105421423912048340e-01
8.197397589683532715e-01
3.390093147754669189e-01
4.260217770934104919e-02
3.764875829219818115e-01
8.273185789585113525e-02
8.478945493698120117e-02
6.018977239727973938e-02
4.111821651458740234e-01
8.611407876014709473e-02
1.843518614768981934e-01
1.157948002219200134e-01
6.078052520751953125e-02
4.996781423687934875e-02
1.559762358665466309e-01
5.162307620048522949e-02
9.045359492301940918e-02
2.113334983587265015e-01
2.614606022834777832e-01
9.166374057531356812e-02
3.218968510627746582e-01
6.678786873817443848e-02
6.957381963729858398e-02
1.242150515317916870e-01
8.402907103300094604e-02
8.130752295255661011e-02
5.877622216939926147e-02
5.015674605965614319e-02
5.772908031940460205e-02
5.295518040657043457e-02
1.864130347967147827e-01
8.810862898826599121e-02
7.184059917926788330e-02
8.183088898658752441e-02
1.173078417778015137e-01
5.847261846065521240e-02
3.472338616847991943e-02
7.153172791004180908e-02
9.909627586603164673e-02
6.220751255750656128e-02
4.956814646720886230e-02
3.121238201856613159e-02
6.078769639134407043e-02
4.332420974969863892e-02
6.098618358373641968e-02
6.281144917011260986e-02
5.365341156721115112e-02
7.699866592884063721e-02
2.805637419223785400e-01
3.222614228725433350e-01
6.412885338068008423e-02
3.540918827056884766e-01
2.029009610414505005e-01
1.056757718324661255e-01
8.215852826833724976e-02
9.236871451139450073e-02
7.268077880144119263e-02
1.742915362119674683e-01
4.586398601531982422e-01
1.560358554124832153e-01
8.647034317255020142e-02
4.082016050815582275e-01
1.054242029786109924e-01
1.056797951459884644e-01
2.889367379248142242e-02
3.752635121345520020e-01
4.850241541862487793e-02
4.604597017168998718e-02
1.865282803773880005e-01
3.534124046564102173e-02
8.043989539146423340e-02
2.017324417829513550e-01
7.801996171474456787e-02
6.281162798404693604e-02
1.508512496948242188e-01
6.948300451040267944e-02
